byte animationStringBounceClockwise = {0,1,0,3,0,7,0,15,0,31,0,63,0,127,0,255,1,255,3,255,7,255,15,255,31,255,63,255,127,255,255,255,127,255,63,255,31,255,15,255,7,255,3,255,1,255,0,255,0,127,0,63,0,31,0,15,0,7,0,3,0,1,0,0};
byte animationStringClockwise = {0,1,0,3,0,7,0,15,0,31,0,63,0,127,0,255,1,255,3,255,7,255,15,255,31,255,63,255,127,255,255,255,255,254,255,252,255,248,255,240,255,224,255,192,255,128,255,0,254,0,252,0,248,0,240,0,224,0,192,0,128,0,0,0};
byte animationStringBounceAntiClockwise = {128,0,192,0,224,0,240,0,248,0,252,0,254,0,255,0,255,128,255,192,255,224,255,240,255,248,255,252,255,254,255,255,255,254,255,252,255,248,255,240,255,224,255,192,255,128,255,0,254,0,252,0,248,0,240,0,224,0,192,0,128,0,0,0};
byte animationStringAntiClockwise = {128,0,192,0,224,0,240,0,248,0,252,0,254,0,255,0,255,128,255,192,255,224,255,240,255,248,255,252,255,254,255,255,127,255,63,255,31,255,15,255,7,255,3,255,1,255,0,255,0,127,0,63,0,31,0,15,0,7,0,3,0,1,0,0};

byte animationLongPulseClockwise = {15,15,30,30,60,60,120,120,240,240,225,225,195,195,135,135,15,15,30,30,60,60,120,120,240,240,225,225,195,195,135,135,15,15,30,30,60,60,120,120,240,240,225,225,195,195,135,135,15,15,30,30,60,60,120,120,240,240,225,225,195,195,135,135};
byte animationShortPulseClockwise = {51,51,102,102,204,204,153,153,51,51,102,102,204,204,153,153,51,51,102,102,204,204,153,153,51,51,102,102,204,204,153,153,51,51,102,102,204,204,153,153,51,51,102,102,204,204,153,153,51,51,102,102,204,204,153,153,51,51,102,102,204,204,153,153};
byte animationLongPulseAntiClockwise = {15,15,135,135,195,195,225,225,240,240,120,120,60,60,30,30,15,15,135,135,195,195,225,225,240,240,120,120,60,60,30,30,15,15,135,135,195,195,225,225,240,240,120,120,60,60,30,30,15,15,135,135,195,195,225,225,240,240,120,120,60,60,30,30};
byte animationLongPulseAntiClockwise = {51,51,153,153,204,204,102,102,51,51,153,153,204,204,102,102,51,51,153,153,204,204,102,102,51,51,153,153,204,204,102,102,51,51,153,153,204,204,102,102,51,51,153,153,204,204,102,102,51,51,153,153,204,204,102,102,51,51,153,153,204,204,102,102};

byte Hold0 = {255,255,255,255,255,255,255,255,255,255,255,255,255,255,255,255,255,255,255,255,255,255,255,255,255,255,255,255,255,255,255,255,255,255,255,255,255,255,255,255,255,255,255,255,255,255,255,255,255,255,255,255,255,255,255,255,255,255,255,255,255,255,255,255};
byte Hold1 = {255,255,255,255,255,255,255,255,255,255,255,255,255,255,255,255,255,255,255,255,255,255,255,255,255,255,255,255,255,255,255,255,255,255,255,255,255,255,255,255,255,255,255,255,255,255,255,255,255,255,255,255,255,255,255,255,255,255,255,255,255,255,255,255};
byte Hold2 = {255,255,255,255,255,255,255,255,255,255,255,255,255,255,255,255,255,255,255,255,255,255,255,255,255,255,255,255,255,255,255,255,255,255,255,255,255,255,255,255,255,255,255,255,255,255,255,255,255,255,255,255,255,255,255,255,255,255,255,255,255,255,255,255};
byte Hold3 = {255,255,255,255,255,255,255,255,255,255,255,255,255,255,255,255,255,255,255,255,255,255,255,255,255,255,255,255,255,255,255,255,255,255,255,255,255,255,255,255,255,255,255,255,255,255,255,255,255,255,255,255,255,255,255,255,255,255,255,255,255,255,255,255};

byte Repeat0 = {0,1,0,1,0,65,0,193,0,201,0,205,2,205,66,205,66,237,74,237,75,237,91,237,91,239,91,255,95,255,223,255,255,255,255,127,127,127,127,123,127,115,63,115,59,115,43,115,43,114,42,114,40,114,8,114,0,114,0,82,0,80,0,16};
byte Repeat1 = {0,2,0,2,0,3,4,3,4,35,132,35,132,163,148,163,212,163,220,163,220,171,220,235,220,251,222,251,222,255,254,255,255,255,255,239,251,239,251,238,187,238,187,206,187,142,179,142,179,138,51,138,49,138,17,138,17,136,1,136,1,8,1,0};
byte Repeat2 = {0,4,0,4,0,12,0,28,1,28,1,60,5,60,5,124,5,125,69,125,77,125,93,125,93,253,221,253,253,253,255,253,255,255,255,251,255,187,254,187,254,171,254,169,246,169,214,169,150,169,150,41,150,33,150,1,148,1,132,1,132,0,128,0};
byte Repeat3 = {0,8,0,8,128,8,128,40,128,44,129,44,131,44,195,44,195,46,211,46,215,46,215,62,247,62,247,190,247,191,247,255,255,255,255,127,255,63,223,63,223,47,223,39,223,38,223,36,95,36,93,36,85,36,84,36,84,4,68,4,64,4,64,0};

byte animations = 16;
byte * animationArrays[] = {animationStringBounceClockwise,animationStringClockwise,animationStringBounceAntiClockwise,animationStringAntiClockwise,animationLongPulseClockwise,animationShortPulseClockwise,animationLongPulseAntiClockwise,animationLongPulseAntiClockwise,Hold0,Hold1,Hold2,Hold3,Repeat0,Repeat1,Repeat2,Repeat3};